fire	year	temp	humidity	rainfall	drought_code	buildup_index	day	month	wind_speed	encoded_fire	loss_e1	pred_e1	loss_e2	pred_e2	loss_e3	pred_e3	loss_e4	pred_e4	loss_e5	pred_e5	loss_e6	pred_e6	loss_e7	pred_e7	loss_e8	pred_e8	loss_e9	pred_e9	loss_e10	pred_e10	pred
no	2015	28	59	0.0	8.06	3.47	1	6	19	0	0.18489746325175674	0	0.32901691047181814	1	0.2621832550456181	1	0.15880146052121222	0	0.08935757403203295	0	0.06269216949489298	0	0.04934392360214799	0	0.043072401473271155	0	0.039017766107205705	0	0.03590992601867893	0	0
no	2014	28	77	0.0	14.98	4.63	5	6	18	0	0.1494985014833802	0	0.2655058848323389	1	0.18184339991704762	0	0.11299058508815782	0	0.08099598591582956	0	0.06238009290711319	0	0.05253016488745069	0	0.04630891509821775	0	0.04215930476174214	0	0.03887368930276365	0	0
yes	2008	30	67	0.0	22.71	7.97	6	6	14	1	0.4087524758900043	0	0.2801447694485582	0	0.33936845388421183	0	0.401661261081142	0	0.44343167568683584	0	0.46496387864683825	0	0.4710498403450961	0	0.4720816734866405	0	0.4711590561889584	0	0.47181239091412003	0	0
yes	2009	26	81	0.0	61.8	18.33	12	6	19	1	0.4066244570036027	0	0.257844707615982	0	0.3061588111679006	0	0.37653376622089374	0	0.4087599643398628	0	0.42169092393460456	0	0.4216201326672081	0	0.4187422724750054	0	0.41504805971289405	0	0.4118557540740806	0	0
no	2009	28	82	1.2	17.68	7.44	13	6	22	0	0.15413976991871325	0	0.24974546325831318	0	0.20548477318207442	0	0.16117193281604808	0	0.13586723202798917	0	0.12657896228398796	0	0.12358972369616873	0	0.12157059541369723	0	0.11968613720219441	0	0.11684676445053167	0	0
no	2011	31	80	0.5	7.98	4.53	14	6	21	0	0.14820922124612365	0	0.2476985673710616	0	0.18861069573011308	0	0.1408524618453021	0	0.11761294261189616	0	0.10529166853697093	0	0.09958377485197988	0	0.09560092724048214	0	0.09243610214216234	0	0.08909772025954482	0	0
no	2010	30	88	0.7	7.93	2.92	16	6	13	0	0.1352195929470052	0	0.2227003238267416	0	0.17844645739092735	0	0.1384286645885661	0	0.11612979380264436	0	0.10386241213550447	0	0.09752098783598229	0	0.09260347955479757	0	0.08836091514593329	0	0.0839939745393181	0	0
no	2016	30	89	0.6	8.57	1.71	17	6	17	0	0.14240004843569623	0	0.24910856684721136	0	0.17247603784943424	0	0.10677993688212918	0	0.07753491016176842	0	0.05958879567111249	0	0.04899131931253677	0	0.0415920382075605	0	0.03623305613269938	0	0.032047517871057814	0	0
no	2011	30	78	0.3	8.31	2.44	18	6	14	0	0.12266782248076613	0	0.20622946679303572	0	0.1518394171204872	0	0.12039694724183113	0	0.09730706035426229	0	0.08399100846564866	0	0.07650806338989462	0	0.07086421243557418	0	0.06623708505676645	0	0.06193776551549944	0	0
no	2015	30	56	0.1	16.9	5.94	19	6	16	0	0.1407575757309785	0	0.287641988045914	1	0.27130793849668466	1	0.2259204010900595	0	0.1643525607032806	0	0.11397597153675312	0	0.08740675479999954	0	0.06716183389185638	0	0.05097615269688939	0	0.0399686201685068	0	0
yes	2012	29	77	0.0	31.63	9.19	21	6	14	1	0.4668548476523498	0	0.3090826680402998	0	0.3772540096742893	0	0.4512729917676449	0	0.5053103677625442	0	0.5362212447560291	0	0.5544879129402437	0	0.5679142092526013	0	0.578338238979867	0	0.588011968109597	0	0
no	2010	30	69	0.1	39.89	10.52	22	6	18	0	0.11716562845566143	0	0.21818650211957896	0	0.1883453164355353	0	0.14699551383695275	0	0.12378242887807975	0	0.11253679620946966	0	0.11177107115393828	0	0.11298010109762338	0	0.11418031349879097	0	0.1144543748826085	0	0
yes	2007	32	66	0.0	56.41	15.86	24	6	19	1	0.44635704603893	0	0.3134858780461171	0	0.3391750505600271	0	0.3662596994746877	0	0.3642255561045133	0	0.3212597043078225	0	0.27579444993483687	0	0.2511558762206448	0	0.24371178159211082	1	0.24936220349185953	1	1
yes	2013	32	63	0.0	64.44	18.59	25	6	17	1	0.40068304039410374	0	0.2175228651097014	1	0.1967487252950823	1	0.16848153788311956	1	0.13861814802419378	1	0.11029835393071774	1	0.09223171108545097	1	0.08361947718395585	1	0.07930290815469224	1	0.07753947701975503	1	1
yes	2011	30	62	0.0	72.51	22.26	26	6	18	1	0.39093408705221777	0	0.21725767491386258	1	0.18934204768254306	1	0.15818322288129782	1	0.12092565941649848	1	0.08869243167624612	1	0.06940549932273085	1	0.06007424908055887	1	0.055416299693818456	1	0.053469959143099655	1	1
yes	2013	33	54	0.0	80.94	26.02	27	6	18	1	0.3339149832395047	0	0.17593090176963155	1	0.14137465305057687	1	0.0977502938628207	1	0.05698890704588158	1	0.031214202998935747	1	0.018917772324725957	1	0.013376122388281841	1	0.010492806170523668	1	0.008884378889192808	1	1
yes	2009	33	55	0.0	88.58	30.49	28	6	14	1	0.33935261552883056	0	0.18796575345497277	1	0.15239900222729585	1	0.10317053406953056	1	0.05576663404710842	1	0.027144591591083372	1	0.014516708894757	1	0.009206293414227929	1	0.006677424499011984	1	0.005390219687581622	1	1
no	2012	31	46	0.3	84.82	24.79	29	6	14	0	0.21708902742078917	0	0.37172126739108086	1	0.43578894021077547	1	0.5369478340975956	1	0.6536726582385138	1	0.7464132015540486	1	0.8020098703440195	1	0.8313665858912296	1	0.8475970531278609	1	0.8564124625745726	1	1
yes	2015	32	50	0.0	93.22	29.17	30	6	14	1	0.29976514120045694	0	0.15349964951366238	1	0.11529932353605378	1	0.07373471630995033	1	0.04210019914700492	1	0.024716133678583524	1	0.01669870349750338	1	0.013082695567894508	1	0.011158748305171495	1	0.010035974131640108	1	1
no	2011	28	66	1.0	9.52	3.81	1	7	21	0	0.21189907334664793	0	0.24433857539011009	0	0.1651340100199854	0	0.10955836602269363	0	0.07748332648849356	0	0.05780544355555463	0	0.047131469919905404	0	0.041501384258680524	0	0.038651876925353906	0	0.03713901267035992	0	0
no	2017	28	77	1.2	9.06	3.25	2	7	21	0	0.22418270632177198	0	0.27450655510586264	1	0.18802469403231184	0	0.09080890739364116	0	0.0502175121647655	0	0.03143434231820597	0	0.02195406814265132	0	0.017043727935213446	0	0.014398469191928784	0	0.012874129436196017	0	0
no	2015	33	78	0.0	19.46	6.4	4	7	18	0	0.2009506376218669	0	0.24957596760871537	0	0.1770192235655644	0	0.0995997892497896	0	0.06057807764378698	0	0.04326384609424628	0	0.03445459235511607	0	0.03011871755396023	0	0.028202074664929088	0	0.027529903182353443	0	0
yes	2016	34	64	0.0	28.2	9.1	5	7	15	1	0.2974713081799603	0	0.21932539975980792	1	0.2587852219551908	0	0.34097315388586785	0	0.46259671263054225	0	0.5268453947401638	0	0.5598494613387243	0	0.5684653361104002	0	0.5566971774462526	0	0.5309162826846864	0	0
no	2008	35	65	0.2	41.16	12.76	7	7	18	0	0.17950969673272665	0	0.21999538732699403	0	0.17777562901971608	0	0.13905087538606023	0	0.12595323901026678	0	0.13380252323041267	0	0.17558756269985268	0	0.24267690514390247	0	0.3292969639968223	1	0.40519269668385716	1	1
yes	2007	33	69	0.0	50.56	15.43	8	7	20	1	0.35843862497366374	0	0.3126320290673211	0	0.3686916925685069	0	0.4142764801598826	0	0.44261131662865205	0	0.454465198193084	0	0.4535090836581406	0	0.4292287118176274	0	0.3826353564217635	0	0.3310890675734799	0	1
no	2015	32	70	1.4	10.05	8.31	9	7	16	0	0.21619175104784258	0	0.27214283231523406	1	0.2247025162694816	0	0.15797077927381195	0	0.10093204487994131	0	0.07425403378038559	0	0.05732937048156884	0	0.04569561765022911	0	0.03878689905040581	0	0.034621081293660635	0	0
no	2007	33	67	0.7	10.23	6.0	10	7	13	0	0.17058111643197202	0	0.19137886537439303	0	0.15170016330792918	0	0.12685412534677604	0	0.11108535215084207	0	0.10309909868367209	0	0.10004797534591016	0	0.09854058286874673	0	0.09717307294375803	0	0.09566536817199285	0	0
no	2013	32	73	0.1	27.82	10.17	12	7	15	0	0.17409899196502293	0	0.22657944367119842	0	0.1841437808848171	0	0.12932692455119385	0	0.09634650560296627	0	0.07600246579604251	0	0.06334541140155608	0	0.05518881725526409	0	0.04939356100073013	0	0.044982872765037436	0	0
no	2012	30	81	0.4	17.22	6.27	15	7	19	0	0.14900003607184673	0	0.1809568874142427	0	0.12798888381481272	0	0.09437592259197719	0	0.07192395619889307	0	0.05773690513598929	0	0.04899643012402873	0	0.042948663652861895	0	0.03830483576873335	0	0.034689039772724056	0	0
no	2016	28	77	0.0	25.9	8.83	16	7	23	0	0.15088936410032064	0	0.2121977336261105	0	0.16648688002039316	0	0.10179552287597414	0	0.06800796160328028	0	0.04656036361863528	0	0.03276906628483308	0	0.02361565134652427	0	0.01938759726018935	0	0.016731385021484118	0	0
yes	2008	30	70	0.0	34.76	11.37	17	7	16	1	0.4192041464143036	0	0.3632780885023266	0	0.40790140368588235	0	0.4493742253988322	0	0.48735453737253887	0	0.5139998433984961	0	0.5272642888438893	0	0.5336304391639197	0	0.5401666939932748	0	0.5468089431656293	0	0
yes	2011	36	54	0.0	67.91	22.61	10	8	14	1	0.353022023308563	0	0.25089466940891375	0	0.23302747672770951	1	0.1932421202039433	1	0.12870552194725673	1	0.08868072465434045	1	0.05743804801339498	1	0.03722214896012034	1	0.024954631454506552	1	0.01736480176371488	1	1
no	2007	35	51	0.3	75.8	21.6	12	8	15	0	0.16789748567214693	0	0.23825575136900967	0	0.25898412538809923	1	0.3226408561055205	1	0.4221916011223994	1	0.5179012943043461	1	0.6090048631931517	1	0.6814463423173556	1	0.7345673736927235	1	0.7732728504285218	1	1
yes	2017	33	64	0.0	94.81	27.97	14	8	16	1	0.33316418051025154	0	0.20436060413772833	1	0.1684561448164429	1	0.13474390428407804	1	0.10915176264161432	1	0.08766196950596203	1	0.07069184388998549	1	0.05767724321418513	1	0.047371913119853525	1	0.03862951908377501	1	1
yes	2011	35	56	0.3	92.76	22.36	15	8	13	1	0.31481262409565036	0	0.21824378364293778	1	0.1836326798483941	1	0.1398271369192333	1	0.10299992544865774	1	0.07167871256019227	1	0.05023061236372751	1	0.03672603464575906	1	0.028170106806028456	1	0.02239194447930398	1	1
yes	2011	35	59	0.3	91.16	18.28	16	8	20	1	0.2910851380174981	0	0.20766440536227718	1	0.18008693551834895	1	0.1397432739424532	1	0.10850167228705265	1	0.08141193451150028	1	0.062252272449962086	1	0.049608372944965555	1	0.04115642424379577	1	0.03502606814646411	1	1
yes	2010	36	52	0.0	101.16	23.44	17	8	20	1	0.26871527294868314	0	0.181290671747868	1	0.14537698869228843	1	0.10090388511530109	1	0.06212557004897653	1	0.036141802120817766	1	0.022107512820081228	1	0.01477705360322599	1	0.010727040197248941	1	0.008273900026908773	1	1
yes	2007	35	60	0.0	121.2	31.35	19	8	21	1	0.28735379654633164	0	0.19681426125659046	1	0.15585008024603458	1	0.10624878965133448	1	0.06175126004326316	1	0.033128238212958454	1	0.018778230271223485	1	0.011814306202833679	1	0.00822125460297305	1	0.006178037448471131	1	1
yes	2012	37	53	0.0	151.37	43.23	22	8	19	1	0.2315453456216276	1	0.13736360321607774	1	0.08639842360137973	1	0.03866167489187176	1	0.013671281919369215	1	0.004743513976752082	1	0.0019512092063303467	1	0.000978039741608145	1	0.0005720891288740511	1	0.0003725505420073463	1	1
yes	2014	35	54	0.0	162.28	48.13	23	8	16	1	0.20636556925509894	1	0.11556581642646334	1	0.06682808070064938	1	0.02686183711562729	1	0.008865838622535226	1	0.0030330244792078653	1	0.001267341262750982	1	0.0006506423783783351	1	0.00038778018784130344	1	0.0002547311637289507	1	1
yes	2010	33	66	0.0	172.19	51.54	24	8	15	1	0.2181606581971709	1	0.1341064127788491	1	0.0863604990683825	1	0.04083542011668748	1	0.01578253209636074	1	0.006022322548275624	1	0.002688605988246424	1	0.0014395477061867896	1	0.0008885563109163851	1	0.0006041099941836266	1	1
yes	2015	34	60	0.0	181.9	55.0	25	8	15	1	0.1669298199324026	1	0.09002202915505769	1	0.04789769450577724	1	0.017394906770718446	1	0.005399978451342779	1	0.0018104165007994865	1	0.0007551457348235513	1	0.0003890617080314003	1	0.00023227157207000672	1	0.0001520575608999352	1	1
yes	2016	31	79	0.0	191.26	58.09	26	8	20	1	0.155516834570155	1	0.08726147642829671	1	0.05065901785031008	1	0.022339547223870167	1	0.009242009626459031	1	0.004205591941324252	1	0.002288751897555837	1	0.001455427820623322	1	0.0010193505665725276	1	0.0007479055227248775	1	1
yes	2008	33	83	0.0	201.01	59.47	27	8	23	1	0.18218279862272518	1	0.11744084186708795	1	0.0772911351919542	1	0.037953196073355934	1	0.015400431799340171	1	0.006095804968614617	1	0.00278082674455767	1	0.0015068686989217594	1	0.0009398548315289753	1	0.0006453362294355597	1	1
yes	2015	34	66	0.0	210.55	62.99	28	8	16	1	0.11757117878269135	1	0.0610832538894924	1	0.028976389749755877	1	0.009077183842491603	1	0.00249382316950468	1	0.0007644515043973105	1	0.0002986795406264034	1	0.00014675617821558801	1	8.460786772119222e-05	1	5.393977869363728e-05	1	1
no	2013	35	70	0.8	181.14	37.76	30	8	19	0	0.4415345818575321	1	0.5367789917130225	1	0.6251930873489918	1	0.7326030169763365	1	0.8158754582867046	1	0.8685336014719042	1	0.898173097594512	1	0.9147856298177057	1	0.9248226091873772	1	0.9317539578545594	1	1
no	2013	24	77	7.2	8.38	2.63	1	9	19	0	0.3494742046807779	1	0.28993911449738724	1	0.17175275882177757	0	0.07837168458360984	0	0.03683436667238203	0	0.018606026120563193	0	0.010459440467957543	0	0.006577383987607392	0	0.004697513019232719	0	0.0037079972728621046	0	0
no	2017	22	88	10.1	7.57	1.32	2	9	17	0	0.34811323761514307	1	0.2756832898855574	1	0.1382837683144462	0	0.05633276804255392	0	0.02428665901021864	0	0.010345744624553168	0	0.005311020345267301	0	0.0032617968906594663	0	0.0022334897440513335	0	0.0016644799378719838	0	0
no	2013	30	73	0.1	16.28	3.58	4	9	18	0	0.32924633999326713	1	0.3115520814753289	1	0.2263927783210254	0	0.10586974262006738	0	0.05804107709630889	0	0.03224540139815056	0	0.019928801621790455	0	0.013938840606501959	0	0.010761787976733446	0	0.00901409792908766	0	0
yes	2014	28	77	0.0	24.05	5.7	5	9	18	1	0.19898232647978878	1	0.21223139639796812	1	0.3015106146075633	0	0.4706466775034226	0	0.5912961089655769	0	0.6896498793434422	0	0.7550344532281561	0	0.7960983701429801	0	0.8223153146860845	0	0.8388179858162306	0	0
no	2017	31	72	0.3	30.47	5.63	7	9	17	0	0.3757408391399334	1	0.391095374077186	1	0.3520325850879974	1	0.2683611969794764	1	0.14792388934165981	0	0.07607273550002244	0	0.0551573346809323	0	0.04470047667794843	0	0.040088354827022984	0	0.03946705069078509	0	0
no	2011	29	71	0.9	9.12	3.74	8	9	17	0	0.28051418406142337	1	0.25670243086719263	1	0.1778677733565492	0	0.10527031508092954	0	0.06875718001280956	0	0.047142005511523505	0	0.03457677726304667	0	0.027337421312978727	0	0.0227630980753858	0	0.019725081265134933	0	0
no	2008	33	71	1.8	9.61	3.6	10	9	13	0	0.24370319648108568	0	0.2095787795497291	0	0.14240418054316384	0	0.0957164739221094	0	0.06462482647216447	0	0.04725139361715195	0	0.03797428855436899	0	0.0329423676098923	0	0.029472278761618127	0	0.02687148536016058	0	0
no	2013	28	89	0.0	16.72	4.01	12	9	15	0	0.2387007787212333	0	0.20962897271862324	0	0.1409495907369275	0	0.08375973427583058	0	0.04856988829456376	0	0.029105320549436035	0	0.018671455776280425	0	0.01410076565555763	0	0.011489899991072874	0	0.00973109265898175	0	0
no	2013	24	80	0.4	7.7	1.58	15	9	15	0	0.22576870331663967	0	0.20461137724831832	0	0.14242500505784061	0	0.08421288719659326	0	0.04883530298218274	0	0.02846619192765439	0	0.01731207524430091	0	0.011162031806371356	0	0.00803119236225532	0	0.006452811451178444	0	0
no	2013	30	63	0.0	15.77	4.8	16	9	14	0	0.24122913250364034	0	0.24874956395025297	0	0.20246346978997762	0	0.13382481459900986	0	0.07563725449960038	0	0.05523951129786585	0	0.04390792702271647	0	0.03663014416925869	0	0.031662369228550445	0	0.02827578819573254	0	0
yes	2012	32	50	0.0	33.64	11.52	18	9	12	1	0.2636816795463829	0	0.22910518591240167	1	0.2301253772892295	1	0.23856448448258016	1	0.25938305539516554	0	0.2635692744487697	0	0.2577157885135967	0	0.24381753518997218	1	0.2249739413349561	1	0.20196637000085918	1	1
yes	2009	28	55	0.0	42.1	14.39	19	9	14	1	0.28025279302818623	0	0.25378370706492953	0	0.26061905158274595	0	0.26873190125740765	0	0.2806247519639834	0	0.27716692398855	0	0.27097699192624997	0	0.2645853894627544	0	0.25904623414606626	0	0.2532536586848328	0	1
yes	2008	27	83	0.0	49.31	16.04	20	9	18	1	0.29469978772326566	0	0.2922142574560029	0	0.32704589056237204	0	0.3672447228931384	0	0.40820809804809	0	0.433493334605496	0	0.45365709727595527	0	0.47145148474479065	0	0.4841804968430777	0	0.49581668228619263	0	0
no	2016	25	83	5.8	8.39	3.66	25	9	22	0	0.2778484397682267	1	0.2636127814152554	1	0.19328413776818276	0	0.11008359849099926	0	0.0688752614743336	0	0.04447715329301215	0	0.028036354467144486	0	0.017526299026398205	0	0.010936518974853772	0	0.007973144308291946	0	0
yes	2016	30	65	0.0	25.05	9.35	27	9	13	1	0.21117400604803327	1	0.17188151808169871	1	0.15312542500363324	1	0.133977887560508	1	0.12850330364995408	1	0.12842496357718483	1	0.13684546540761958	1	0.1511000592132579	1	0.1677534424260823	1	0.1844972394795156	1	0
no	2007	25	82	1.8	7.73	3.35	29	9	18	0	0.22488065783618372	0	0.21587002927381338	0	0.18145915532827503	0	0.14788835144590487	0	0.11614217358943378	0	0.09794471155932385	0	0.0835448412687919	0	0.0701326439110765	0	0.05765685689378218	0	0.04604780533871864	0	0
no	2010	25	76	1.4	7.53	2.51	30	9	16	0	0.22406454057735034	0	0.21768848184802678	0	0.1874525529350116	0	0.15657113717360563	0	0.12285364883080732	0	0.09484415740139751	0	0.07935773764539439	0	0.06586844737303829	0	0.05418861994877139	0	0.044286449412243946	0	0
no	2009	33	73	0.7	8.55	3.75	1	6	14	0	0.19162697969253703	0	0.1676217712353141	0	0.13578677255033572	0	0.11912325218731705	0	0.11124589954272028	0	0.11105169765586659	0	0.11371687837013365	0	0.11755285639128697	0	0.120631564444465	0	0.1221890132176082	0	0
no	2011	29	74	4.0	8.48	3.17	2	6	14	0	0.18452121146745604	0	0.1533892925264464	0	0.11991159852509654	0	0.09779359681597538	0	0.08335032722346997	0	0.0755956389572008	0	0.07073943035390269	0	0.06736204960146946	0	0.06412721124293619	0	0.06057389250707596	0	0
no	2009	32	58	0.2	18.23	6.86	5	6	15	0	0.18709902704300627	0	0.16286462286818296	0	0.12982317557011047	0	0.1125588605417684	0	0.1061767133215809	0	0.10927364339752299	0	0.1154737510542443	0	0.12271477747027648	0	0.13295743724550152	0	0.1383543185141005	0	0
yes	2017	36	54	0.1	26.87	10.04	6	6	12	1	0.2551308645647507	0	0.25102848402586947	0	0.274875885495205	0	0.291551961719612	0	0.2889191030276468	0	0.2608598341311661	0	0.22676379308302616	1	0.1929826262425336	1	0.16565132104652242	1	0.1439519448157802	1	1
yes	2008	35	46	0.2	29.5	11.58	7	6	19	1	0.30004868951614566	0	0.31390568291460563	0	0.34139381910025185	0	0.3295479116860346	0	0.26644232326932804	0	0.1806563640955233	1	0.130964657444844	1	0.11151920983271227	1	0.10061808343184728	1	0.09553122240392856	1	1
no	2012	28	49	1.3	8.38	7.55	8	6	19	0	0.22877115779705218	0	0.21776508648087525	0	0.18480082512371954	0	0.15744993189357556	0	0.136336621524788	0	0.1176283685389726	0	0.10277227350521156	0	0.09027544113327252	0	0.07906701281148891	0	0.07103049059704833	0	0
no	2016	27	61	0.1	15.14	8.55	9	6	19	0	0.22682021005053404	0	0.22059766330830802	0	0.18186759571739838	0	0.13821596169296194	0	0.10070114431115941	0	0.07885368492210112	0	0.060707632229455896	0	0.04852140692885089	0	0.040604775258087124	0	0.03651196737255387	0	0
yes	2009	32	44	0.0	30.63	18.89	11	6	23	1	0.3107429293522877	0	0.2990885028023584	0	0.2950654731837232	0	0.2510653218979253	0	0.17758893267821835	1	0.1266706787614821	1	0.10409610182944085	1	0.08995671312935341	1	0.08271537019931906	1	0.08005540240046397	1	1
no	2017	30	53	2.0	8.71	11.38	13	6	16	0	0.25387154613318275	1	0.2653490752500831	1	0.25603337998651243	1	0.24682771485106586	0	0.225463868409485	0	0.19094754953536505	0	0.15247061205634638	0	0.11744584486091267	0	0.08829761568900522	0	0.07306889713996938	0	0
no	2008	28	81	0.7	7.62	6.82	14	6	18	0	0.16480739101986566	0	0.14637770439148362	0	0.12685814201177043	0	0.1126579777267095	0	0.10334207027231151	0	0.09778090260682269	0	0.09450710819175558	0	0.09226770642774149	0	0.08951527572662428	0	0.08566570655988648	0	0
no	2015	28	92	0.0	14.75	7.24	15	6	17	0	0.15851934321688263	0	0.12535081740107393	0	0.09804067782375706	0	0.07623320484316669	0	0.05998420972642002	0	0.04911958288092855	0	0.04228604772004093	0	0.0378111109476769	0	0.03432425038110536	0	0.031181039345772894	0	0
no	2014	30	88	0.4	8.23	4.56	16	6	15	0	0.1510340871083393	0	0.12129761520022558	0	0.09614265928947469	0	0.07563782067145572	0	0.06055788665834633	0	0.050545708849959826	0	0.04423490349185723	0	0.040041213625410396	0	0.0366690152953603	0	0.033530268536982925	0	0
no	2015	33	68	4.5	9.12	5.09	19	6	16	0	0.1806834594518414	0	0.15504272446427148	0	0.10954724428925834	0	0.08256468490678391	0	0.060915844290053076	0	0.04537745608514268	0	0.03901756726483888	0	0.034585454922240265	0	0.03093264272550369	0	0.027520774075840655	0	0
no	2016	32	73	0.2	8.94	4.19	20	6	15	0	0.1632700597935236	0	0.14821380771831205	0	0.10417086995826425	0	0.07155555498542207	0	0.04987425623223353	0	0.03939147751618146	0	0.03377752424978864	0	0.03009624321501673	0	0.027239609326711902	0	0.02470926212525589	0	0
yes	2017	32	55	0.0	18.6	8.44	21	6	16	1	0.332515606090533	0	0.310370388680765	0	0.33035982814700465	0	0.3645863332515992	0	0.41554964870796024	0	0.4811456921814487	0	0.5270196346011308	0	0.5692723538082923	0	0.6096566317503129	0	0.648129771930176	0	0
no	2014	33	47	1.1	8.37	7.87	22	6	14	0	0.19657520855921895	0	0.2138266057552557	0	0.21619261695003666	0	0.23136390588117317	0	0.25512605160073737	1	0.27403049786799627	1	0.2727472617994488	1	0.2580750104993265	1	0.2337332124229655	0	0.202581297822353	0	0
no	2007	33	57	0.8	8.52	7.07	23	6	18	0	0.13632264676523626	0	0.1295355395422196	0	0.11293981404435886	0	0.1036920185329005	0	0.10141790443537561	0	0.1031240810416095	0	0.10571088502601057	0	0.10835270318011406	0	0.1097747914558838	0	0.10968076606226028	0	0
yes	2015	36	66	0.0	17.01	10.75	24	6	17	1	0.36503426017288243	0	0.36330908972390386	0	0.40817237797575057	0	0.4548873151986156	0	0.4862976593477195	0	0.5145743806999191	0	0.5428131445398121	0	0.5602057819515147	0	0.5687323086765801	0	0.5767458085523424	0	0
yes	2016	36	64	0.0	34.92	17.24	26	6	17	1	0.32622859112311003	0	0.29271013476128654	0	0.2734163195294476	0	0.23101385476416034	1	0.1794454402682786	1	0.13700998596413513	1	0.12107673222720977	1	0.11326541422122663	1	0.10931223960047658	1	0.10740429050758307	1	1
yes	2007	35	53	0.0	43.33	21.39	27	6	16	1	0.3540452113747883	0	0.32324747838705403	0	0.2775361672533735	0	0.1835626381615639	1	0.12537144556692367	1	0.08514396173251727	1	0.06255052730948432	1	0.050733197724459875	1	0.04514021632832559	1	0.042993989219822525	1	1
yes	2013	36	35	0.0	52.77	27.51	28	6	14	1	0.2659464460538994	0	0.1988630723489124	1	0.13016575804681335	1	0.0651425212326372	1	0.027866285811771505	1	0.012844222985378826	1	0.007142961234328988	1	0.004758295938241662	1	0.0036440018097731062	1	0.003091005975168983	1	1
yes	2010	37	36	0.6	37.44	18.8	29	6	14	1	0.2547503395260897	0	0.20519073832629842	1	0.1483998951947351	1	0.08665458802440612	1	0.04463161826410286	1	0.024420724738530273	1	0.015656951796721087	1	0.01175207547809694	1	0.01000735208481644	1	0.009326188972367306	1	1
no	2014	35	42	1.7	8.86	11.55	30	6	16	0	0.27609776539341724	1	0.3241725219619107	1	0.3881487660921869	1	0.4715944602105923	1	0.5446955024652524	1	0.5888304530196654	1	0.6076733388945369	1	0.6098645024775636	1	0.6020432229362744	1	0.5888340128792742	1	1
no	2009	27	56	2.2	8.92	4.19	1	7	20	0	0.17492998261923182	0	0.13243963154624214	0	0.10101722987810018	0	0.07523940581266945	0	0.05749524426105131	0	0.04726142716629966	0	0.042282666859153994	0	0.04016446594143072	0	0.03923879098463573	0	0.038727727998355034	0	0
yes	2007	34	60	0.0	37.56	14.94	4	7	18	1	0.35759149501677157	0	0.3995140760531495	0	0.44399943768685546	0	0.4823479974156537	0	0.506388594154079	0	0.5033192264578329	0	0.47141535727403566	0	0.39953848804075953	0	0.2978694799767067	0	0.21086141739650877	1	1
yes	2008	33	46	0.0	46.53	19.47	5	7	18	1	0.3041891590635288	0	0.30302517051161226	0	0.2998323437163154	0	0.2633048911272257	0	0.19270292832539845	1	0.12428202837020504	1	0.09212075417643022	1	0.06844597418430107	1	0.05294683749066281	1	0.042771421332218756	1	1
no	2008	33	61	1.1	57.35	22.04	24	7	19	0	0.20939739698444196	0	0.2311337398430749	0	0.2687956897953518	1	0.3507806484048437	1	0.41960433887234083	1	0.4691871655020115	1	0.5073235479544732	1	0.530954661741971	1	0.541515190287321	1	0.5452570450523808	1	1
no	2011	39	65	1.2	16.39	11.74	25	7	9	0	0.22061314819355304	0	0.22445961823546254	0	0.22538612340605302	0	0.23478119218408347	0	0.24454753504889293	0	0.24762015676612467	0	0.2526469742445593	1	0.2514477753733441	1	0.2405753375569946	0	0.2290153109680722	0	1
no	2015	36	56	0.2	20.61	10.77	26	7	12	0	0.24593790579985067	0	0.2798310726909721	1	0.3118689530751913	1	0.339298502245889	1	0.34019007997184686	1	0.31637208180528703	1	0.29109462985288354	1	0.2654926723672994	1	0.24195370829438187	0	0.225793831396437	0	1
no	2007	30	86	0.0	28.64	12.22	27	7	18	0	0.1505946189997817	0	0.13593667035602175	0	0.11433859636776074	0	0.09496672854294592	0	0.08040473918943027	0	0.07037646251798542	0	0.06463534556480545	0	0.0606101039615819	0	0.05708472121761404	0	0.05388494743206052	0	0
yes	2012	34	55	0.0	37.76	15.73	28	7	17	1	0.31358386186756193	0	0.28027378039207357	0	0.25932796778522765	0	0.24645897309518736	1	0.25252698426199055	0	0.2751133028291571	0	0.2994959949920075	0	0.3263673820378772	0	0.3546872411907403	0	0.3782670963243729	0	1
yes	2012	35	57	0.0	48.17	19.91	29	7	16	1	0.29042864307383376	0	0.24786648400290828	1	0.2051639155593028	1	0.16165746635126682	1	0.13754558085558596	1	0.12302747916749446	1	0.11359738596059073	1	0.1079260168394738	1	0.1046554009541952	1	0.10259211591121524	1	1
yes	2014	36	57	0.0	58.1	24.42	30	7	18	1	0.25443140236122613	0	0.20353898719797903	1	0.15597155424084963	1	0.11390452566823729	1	0.08556744101541952	1	0.06889440958529547	1	0.058505636556594555	1	0.05193317325120476	1	0.0474701210730177	1	0.04426186955565889	1	1
yes	2009	36	53	0.0	67.29	28.65	31	7	15	1	0.2596464845499512	0	0.20969877090290265	1	0.15667925218915157	1	0.10342078823514841	1	0.06510034415084952	1	0.043034326032526035	1	0.03095141360797937	1	0.024339688039099132	1	0.020599072052751036	1	0.018449688537538936	1	1
yes	2017	40	36	0.0	21.94	10.84	2	8	14	1	0.17493570785556456	1	0.15185753167324917	1	0.12699477514013374	1	0.1060481994575517	1	0.0897781863489556	1	0.07250289402832685	1	0.053521268727314365	1	0.037048541983583164	1	0.02489464120049636	1	0.01693033082024735	1	1
yes	2011	39	36	0.0	42.99	23.88	4	8	15	1	0.2013827305726521	1	0.17074911224565018	1	0.1347107537358159	1	0.09735943719786998	1	0.06497579244503053	1	0.04034499559266801	1	0.023709538191484907	1	0.013788922442874666	1	0.008231184000205657	1	0.005212184993505183	1	1
no	2017	29	54	3.1	9.27	11.37	6	8	14	0	0.32167912242266133	1	0.3160077488015282	1	0.28430987844562533	1	0.20916685607468735	0	0.12046253199259059	0	0.06819141149690103	0	0.05165845015785399	0	0.04382838153775134	0	0.04110465898813732	0	0.041643487389730116	0	0
no	2014	33	65	2.9	10.76	6.9	7	8	15	0	0.25877853030829456	1	0.21943677078031545	0	0.15166561729068082	0	0.08499074424981096	0	0.05135452389727314	0	0.032822441392625634	0	0.02395097344551412	0	0.019971859055238062	0	0.017773118355584754	0	0.017054186505115827	0	0
yes	2011	38	56	0.0	20.36	11.04	8	8	13	1	0.25486280142460815	0	0.27091370737464415	0	0.3008124782758274	0	0.3339942912986581	0	0.34715991268009605	0	0.32122757899252946	0	0.2651765221903946	0	0.19644235621866407	1	0.13352556756612008	1	0.10688434909503854	1	1
yes	2017	41	33	0.0	46.38	23.1	11	8	17	1	0.16805027416597912	1	0.12844445378081232	1	0.08406787779072059	1	0.0463978946706485	1	0.023885552200784164	1	0.012560525127844347	1	0.007224922683957592	1	0.004507535989948858	1	0.0029974624232129965	1	0.0020406708163908226	1	1
yes	2016	38	21	0.4	41.58	18.85	12	8	17	1	0.1529566333277108	1	0.11414066612734416	1	0.07067733430668192	1	0.03656892420734063	1	0.018212057333311858	1	0.009693287790953771	1	0.005833656463782267	1	0.0038751235311489094	1	0.002762147401455774	1	0.0020261217844876754	1	1
yes	2013	36	38	0.0	55.82	22.47	14	8	14	1	0.16977073636461032	1	0.13527249148689238	1	0.09384809340828333	1	0.05667989289661522	1	0.032886344512365905	1	0.01986997238702501	1	0.013158030972306571	1	0.009418853527547509	1	0.007148906940439846	1	0.005524564596577594	1	1
yes	2016	34	45	0.3	54.29	19.47	15	8	14	1	0.14930283543065354	1	0.11902874599736951	1	0.08406535887828004	1	0.05548427765923339	1	0.038333937728946284	1	0.028710644634833086	1	0.023379080337324762	1	0.019958174202543078	1	0.017400384123627672	1	0.014919768155682153	1	1
yes	2012	43	23	0.0	76.99	30.87	17	8	11	1	0.13625258854289526	1	0.09468648900315173	1	0.047587967020516084	1	0.016443990670395953	1	0.004842708804826228	1	0.0015451401253688958	1	0.0006084780413866875	1	0.0002920377412978215	1	0.00016422771829105944	1	0.00010248155350592081	1	1
yes	2007	35	67	0.1	96.83	36.06	19	8	15	1	0.20269669616949346	1	0.16732065263189078	1	0.12870360155896984	1	0.0868152536855876	1	0.05363418713493284	1	0.03301338971661065	1	0.021765506148149424	1	0.01551725125573142	1	0.011880672470828085	1	0.009345659269880072	1	1
yes	2016	35	80	0.0	107.14	38.23	20	8	16	1	0.13655538560474736	1	0.10838649725610296	1	0.07490777998526607	1	0.04794495763243645	1	0.03211253191413956	1	0.023371600143185404	1	0.018481806417477587	1	0.015279476184289707	1	0.01285342255718187	1	0.010543263993348335	1	1
yes	2010	37	72	0.0	117.49	41.62	21	8	17	1	0.14958531813908532	1	0.11926988875305178	1	0.07900043044000998	1	0.04319525822519393	1	0.022032610618262862	1	0.01181336089985196	1	0.007115787879171211	1	0.004759647441913793	1	0.0034571890350609336	1	0.0025975975667570134	1	1
yes	2008	36	53	0.0	128.08	46.25	22	8	16	1	0.13622435373765696	1	0.09788710892180072	1	0.05242646529959686	1	0.020383360767657174	1	0.007066897345501407	1	0.002699614972062642	1	0.0012579735671759075	1	0.00070047364527008	1	0.000448331359549714	1	0.0003120287213901143	1	1
yes	2012	37	44	0.0	138.67	50.76	23	8	16	1	0.09812170262720592	1	0.06036941426912588	1	0.024501413975122555	1	0.006844996415320371	1	0.001816690135069058	1	0.000578901786463129	1	0.00023984320863129974	1	0.00012272054995866622	1	7.307926811027836e-05	1	4.7792868971029254e-05	1	1
yes	2015	34	39	0.0	148.34	55.68	24	8	16	1	0.0744627677339358	1	0.04062913543726223	1	0.013813171553834174	1	0.0032971146105018204	1	0.0008103356108872689	1	0.00025519483721606214	1	0.0001081116889314488	1	5.693421174141377e-05	1	3.4574125853853195e-05	1	2.2848738836493155e-05	1	1
yes	2015	36	54	0.0	177.81	68.27	27	8	14	1	0.06948574065745897	1	0.0367091523026662	1	0.011740263527011923	1	0.002527204017870199	1	0.0005413813457349913	1	0.00014797462591843686	1	5.525219267753378e-05	1	2.6143257277778675e-05	1	1.4505180417179768e-05	1	8.857547843850998e-06	1	1
yes	2014	34	52	0.5	149.21	31.05	29	8	18	1	0.06978171809749928	1	0.04583179324755717	1	0.021743114007301684	1	0.008516022956045788	1	0.0035789950006906122	1	0.001845391093590163	1	0.0011922058237168298	1	0.0008993081127047379	1	0.0007420904457950597	1	0.0006307228606695508	1	1
yes	2013	35	47	0.0	159.81	36.57	30	8	17	1	0.06351600647816405	1	0.038749096990934664	1	0.016001779983853638	1	0.005075112877708109	1	0.001671646742730765	1	0.0006863047850691543	1	0.0003674561201079467	1	0.00023921756634760362	1	0.00017632870758451443	1	0.00013804260790686813	1	1
yes	2007	31	60	0.0	168.73	39.65	31	8	20	1	0.09023153569730821	1	0.06357109680381648	1	0.03371760852153059	1	0.0141486636978509	1	0.0057789891579074	1	0.00274098789825533	1	0.001617944964951548	1	0.0011385120435696157	1	0.0009045329993638897	1	0.0007602142919634199	1	1
no	2011	30	85	0.0	8.63	1.44	1	9	17	0	0.41637392344501123	1	0.3253055429135041	1	0.20533952365764493	0	0.09743870650532882	0	0.05447516543705045	0	0.03513701085288932	0	0.026347953359428872	0	0.02145202938412351	0	0.018451983453586573	0	0.01678606007383474	0	0
no	2008	27	69	0.0	17.24	4.56	2	9	21	0	0.37567239797996027	1	0.3107018550676653	1	0.2268892911363431	0	0.1333330791828362	0	0.0805820773022816	0	0.05753812885658263	0	0.0454548283105755	0	0.0390772609087877	0	0.03553394726359882	0	0.03436366143844048	0	0
yes	2009	29	76	0.0	25.0	6.44	3	9	17	1	0.1626181550202364	1	0.21752031054506302	1	0.3081159195716897	0	0.4469659874449619	0	0.5383457779158692	0	0.6021600680278799	0	0.641164553284691	0	0.6635458755880911	0	0.6760879737861435	0	0.6790961963820294	0	0
no	2012	29	64	0.2	27.59	6.1	4	9	15	0	0.4574252502849003	1	0.434838457907846	1	0.3884421559996205	1	0.313791835582328	1	0.23371726826323666	0	0.18651928089049363	0	0.16988105327852515	0	0.17489112769276058	0	0.19577937578948248	0	0.23512778181665006	0	0
no	2007	29	59	4.1	8.67	4.42	5	9	13	0	0.3287366561851674	1	0.2584197945052933	1	0.17420926826693353	0	0.10653332033470735	0	0.076521011019741	0	0.05900959664806591	0	0.0489302127823754	0	0.042032575294740145	0	0.036694742703884495	0	0.03261493731038884	0	0
yes	2012	32	60	0.0	18.53	6.88	7	9	16	1	0.12427241296682062	1	0.1348383377561438	1	0.16153709848717862	1	0.20910421339152654	1	0.2689874343516393	0	0.3062117077444316	0	0.31631577972458824	0	0.30663126832292165	0	0.28538001623155984	0	0.25411867283302386	0	0
yes	2012	31	87	0.0	26.95	8.61	8	9	14	1	0.1500780072637094	1	0.191497712537765	1	0.2780569413482137	0	0.3811607661730859	0	0.4772090964069706	0	0.5185478989013977	0	0.5459793912240939	0	0.5653993815642391	0	0.5803990447380316	0	0.5910428782352527	0	0
yes	2010	29	78	0.0	35.09	10.5	9	9	16	1	0.14155201271419907	1	0.1631258218801386	1	0.19630657737575719	1	0.22850840281347298	1	0.2447368832062707	1	0.24107452341608146	1	0.22595730873163183	1	0.20759671752253694	1	0.18988601991830784	1	0.17263665469241807	1	0
no	2007	28	73	1.1	8.34	5.13	10	9	16	0	0.35323532191311474	1	0.3102705718760384	1	0.26387486961384415	1	0.2292170008993665	0	0.20953829301775093	0	0.19886605975882157	0	0.19001381838395168	0	0.17972485364161367	0	0.1672734716905104	0	0.15393462681922318	0	0
no	2015	29	75	0.0	16.94	6.81	11	9	15	0	0.4673993673978032	1	0.4618242295693239	1	0.4455473948020204	1	0.4195696380947109	1	0.38862397597359954	1	0.3589563609363764	1	0.3320178406141735	1	0.31016181620848826	1	0.29594344561767744	1	0.289368278590726	1	0
yes	2016	31	70	0.0	25.72	9.58	12	9	14	1	0.1031754957157449	1	0.09859735200436011	1	0.09540415433684964	1	0.09749235331973179	1	0.1013193794867095	1	0.10429573940485767	1	0.10573602030590787	1	0.10500776105160078	1	0.10149833686643336	1	0.09569397922232271	1	0
yes	2008	28	49	0.0	33.54	13.21	13	9	20	1	0.12882112655493452	1	0.11553533463946473	1	0.09745944668647825	1	0.07574950225425016	1	0.056675962031550835	1	0.04341776343010058	1	0.035503545845193225	1	0.031045743210129796	1	0.028777659680940936	1	0.028006404653933323	1	1
yes	2014	32	52	0.0	50.74	18.18	15	9	15	1	0.08286579857008734	1	0.06648920166155234	1	0.04468852301655659	1	0.02590538379594332	1	0.014934107929483399	1	0.009390398690033535	1	0.006683407740037487	1	0.005268264431903847	1	0.004470491329946995	1	0.004038781476639518	1	1
yes	2008	35	43	0.0	64.07	27.11	17	9	12	1	0.09666584180551203	1	0.07425186829261213	1	0.043968407437412114	1	0.019353758188324462	1	0.007527201011858613	1	0.003127519345647225	1	0.00154662173944554	1	0.0009114224205638676	1	0.0006229548474156647	1	0.0004836315086851764	1	1
yes	2009	29	43	0.1	86.71	28.93	19	9	10	1	0.0846803733264773	1	0.06123089005105112	1	0.033789178971913685	1	0.01441217562743538	1	0.0058685786004009895	1	0.0027017937176501946	1	0.0015118312326956602	1	0.0010025821508092372	1	0.0007565033951230335	1	0.0006352073491493399	1	1
yes	2009	34	65	0.0	106.34	32.43	22	9	15	1	0.0843754133743167	1	0.0638928322166457	1	0.037318240154976055	1	0.01666181734694889	1	0.006838486610213729	1	0.003075591332726539	1	0.0016556982717510556	1	0.0010554398188599495	1	0.0007700959286201986	1	0.0006265069813774179	1	1
yes	2016	34	55	0.0	115.7	36.29	23	9	15	1	0.04441909366644735	1	0.02656504126181554	1	0.010794984899805933	1	0.0033628304256707905	1	0.0010934936526001001	1	0.0004373444215490728	1	0.00022470739391994098	1	0.000140321367265936	1	0.0001001959822588926	1	7.980835005407209e-05	1	1
no	2008	26	47	2.0	28.88	12.35	24	9	6	0	0.5054605563529749	1	0.5366370961607708	1	0.58815136652096	1	0.6440491680555152	1	0.6843548019246848	1	0.7048854120696855	1	0.708034185535131	1	0.6993343044733834	1	0.6832761427668556	1	0.6625196663713475	1	0
yes	2017	31	67	0.0	45.15	17.89	26	9	15	1	0.057735270517246876	1	0.04585485649324507	1	0.03249968840957264	1	0.02337186936684347	1	0.019293727684430193	1	0.01829932928561781	1	0.019202705184103556	1	0.021179255603890522	1	0.02361592296786642	1	0.026197400991546282	1	1
no	2017	29	89	4.4	8.74	6.52	27	9	15	0	0.5380193285565291	1	0.5299603410749288	1	0.5022925949718863	1	0.3903760195227008	1	0.23172440384332132	0	0.1017258042094432	0	0.06245855538254646	0	0.04194873785155255	0	0.02812182161677246	0	0.01910670024472433	0	0
no	2009	27	88	0.5	8.87	3.71	28	9	30	0	0.3862256116604135	1	0.3413093328398702	1	0.28110945435876433	1	0.20799756549929801	0	0.1467411927845518	0	0.10552089634326417	0	0.08058098865114594	0	0.06168799428574014	0	0.04656077840655555	0	0.03506652746144595	0	0
no	2016	25	56	0.1	15.54	6.1	29	9	20	0	0.5095975974838954	1	0.537626121376506	1	0.5617984282388034	1	0.5675219776805527	1	0.5551033652604014	1	0.5351782119400101	1	0.45197524541817075	1	0.3554211065748285	1	0.2741776566943216	1	0.2122072658663773	0	0
no	2012	24	62	0.2	16.72	5.75	30	9	17	0	0.41518311655782714	1	0.42226680841264774	1	0.38500082644667055	1	0.2923603313087466	1	0.205190084666708	0	0.1595581329554955	0	0.1181274039367146	0	0.08817195064918075	0	0.07021342265200074	0	0.06050564046771935	0	0
